83 92 6 99 15 1 63 32 
74 28 32 73 76 10 16 44 
60 68 42 0 7 61 69 78 
85 19 51 79 50 98 21 35 
89 8 89 73 25 72 92 43 
34 55 5 36 35 44 97 49 
59 5 40 81 9 54 16 24 
14 14 33 30 74 18 60 27 
63 36 72 70 53 88 94 99 
11 51 68 73 92 77 65 40 
42 59 94 30 91 9 84 16 
89 3 48 3 48 31 79 43 
73 34 23 52 45 95 65 63 
62 45 89 76 65 63 63 50 
5 98 64 98 94 74 52 68 
78 52 73 66 92 40 52 18 
10 49 22 61 61 13 70 13 
62 31 84 25 39 29 65 15 
98 83 54 59 58 77 34 40 
0 81 64 42 63 65 88 51 
59 54 69 63 30 5 67 51 
80 60 50 83 77 48 14 70 
40 37 20 67 70 23 73 58 
39 8 94 8 29 67 60 51 
27 55 76 76 91 51 86 58 
75 48 33 39 81 3 46 93 
61 45 2 3 87 27 45 84 
65 79 81 57 93 85 38 26 
11 50 39 36 57 39 49 46 
64 72 63 29 27 90 33 58 
90 53 53 30 8 50 58 84 
3 34 99 38 4 3 96 87 
98 67 71 69 80 34 50 67 
87 3 82 45 68 49 47 14 
42 36 7 66 74 99 89 92 
44 43 30 86 81 86 69 52 
37 93 30 17 87 50 80 8 
7 41 20 99 92 33 89 45 
93 27 17 13 65 90 76 81 
25 68 44 56 53 73 24 71 
96 76 94 14 11 42 26 58 
44 79 52 54 98 5 61 35 
9 92 84 96 68 51 56 26 
17 69 92 87 55 84 99 34 
66 64 53 6 27 11 78 78 
48 40 33 63 26 74 64 44 
75 22 90 91 11 91 37 5 
42 96 37 8 64 83 25 62 
67 94 49 98 84 3 91 29 
84 40 41 95 22 58 99 95 
74 37 33 62 31 61 88 32 
48 67 97 67 96 11 34 54 
8 33 4 45 38 9 49 46 
47 59 95 7 71 55 60 53 
8 18 27 25 4 89 11 92 
40 89 67 64 74 23 26 5 
53 45 56 93 52 66 40 32 
87 38 3 78 4 41 17 82 
37 75 70 83 45 52 8 5 
50 67 27 51 63 16 97 82 
57 18 28 68 62 17 12 58 
80 76 49 3 87 70 28 54 
14 15 5 57 47 69 45 31 
93 0 5 35 34 1 43 58 
1 73 19 87 81 90 49 65 
55 38 5 65 28 8 59 5 
47 99 96 91 74 68 88 94 
50 48 45 77 68 30 24 5 
57 22 19 86 61 21 67 1 
4 47 55 1 44 99 68 10 
67 57 15 13 97 62 4 25 
20 99 75 57 16 71 4 67 
52 39 59 21 25 91 14 46 
38 55 67 67 59 29 17 50 
99 44 58 71 96 34 20 57 
64 38 68 39 7 69 40 24 
2 94 91 32 74 27 3 52 
61 78 58 39 36 0 97 37 
90 77 65 68 24 52 70 94 
94 40 82 43 40 43 90 91 
52 18 47 14 83 65 12 74 
3 57 58 44 80 55 68 59 
77 35 92 58 77 24 45 76 
85 81 90 8 24 29 79 90 
2 4 7 48 97 22 54 69 
46 95 48 36 2 19 50 68 
24 22 11 83 86 7 41 11 
34 94 49 60 75 72 64 75 
75 70 35 38 40 57 6 33 
98 24 61 45 55 91 3 87 
46 42 78 36 96 33 18 78 
28 74 61 77 16 27 31 39 
52 2 12 36 39 10 75 94 
96 5 39 28 67 83 11 14 
55 56 97 32 54 12 68 94 
11 14 48 56 8 30 38 77 
73 40 96 50 31 98 4 56 
27 25 12 61 37 19 30 75 
53 55 53 73 17 34 47 11 
21 96 44 84 58 62 36 23 
96 91 0 7 59 48 67 86 
72 68 22 4 5 68 80 7 
61 59 12 9 49 66 48 17 
48 2 35 31 43 10 44 43 
44 87 49 20 39 0 71 26 
71 43 63 4 88 45 77 45 
62 13 95 85 21 20 57 4 
76 7 88 87 14 46 80 78 
27 88 17 57 33 39 83 18 
83 89 42 30 74 38 42 63 
61 28 67 57 45 53 95 0 
46 80 50 66 32 51 27 0 
78 19 30 38 3 60 13 43 
97 74 83 70 58 52 53 35 
89 72 75 41 38 32 19 68 
57 20 55 62 97 48 1 21 
56 62 26 35 21 71 28 48 
20 27 57 96 13 2 96 79 
64 78 50 69 96 5 11 77 
63 19 50 59 80 41 18 57 
42 64 95 7 68 56 96 23 
89 70 54 36 15 12 49 5 
98 5 74 92 82 97 56 99 
77 98 95 63 98 46 22 23 
43 30 40 36 0 48 85 54 
60 90 45 69 83 87 94 1 
92 73 6 51 41 43 75 6 
1 3 38 96 6 56 29 8 
88 98 81 52 40 54 95 66 
80 64 82 97 73 42 41 57 
38 67 57 6 85 23 79 9 
31 16 71 0 65 74 47 68 
32 95 85 8 60 27 26 91 
57 34 34 70 54 5 4 63 
19 94 89 33 68 98 19 90 
83 73 38 73 46 85 56 63 
20 82 6 76 2 98 7 25 
88 3 83 97 98 13 90 17 
8 62 9 0 57 71 9 95 
31 73 32 96 58 79 33 25 
52 42 43 79 48 43 68 36 
25 35 98 70 52 17 43 13 
0 3 9 22 18 22 60 81 
78 12 91 4 21 66 16 17 
55 91 44 66 22 18 6 63 
79 23 59 32 5 77 34 88 
20 14 29 41 64 12 20 4 
10 46 72 23 58 62 14 45 
45 37 73 66 21 20 50 79 
19 18 99 85 52 66 9 13 
44 50 25 79 46 47 97 19 
8 60 16 59 33 93 68 47 
64 85 47 97 84 60 90 64 
36 4 96 47 62 2 3 62 
7 96 34 81 21 42 35 28 
43 97 9 41 55 1 48 32 
73 34 24 63 56 26 56 30 
15 90 80 55 10 48 56 13 
37 30 10 10 88 58 10 25 
43 1 89 17 4 38 60 11 
63 9 85 22 89 87 2 29 
28 47 61 1 49 9 73 11 
51 94 22 20 88 1 62 15 
62 5 6 55 99 30 39 70 
80 32 22 85 78 86 22 80 
6 7 1 64 35 71 52 76 
89 92 23 45 68 22 31 2 
74 40 30 10 69 55 88 23 
24 21 80 47 24 79 3 41 
70 67 6 74 67 65 98 60 
82 50 11 10 50 81 58 62 
11 98 44 24 50 64 9 27 
24 52 81 61 66 2 69 70 
99 14 38 49 50 99 11 18 
87 98 72 91 59 55 45 38 
34 32 79 23 17 22 1 6 
64 31 67 95 21 32 71 32 
30 32 68 94 31 58 92 12 
84 20 0 52 33 27 29 11 
23 89 53 88 86 68 96 56 
19 92 28 4 77 96 31 58 
54 66 20 65 63 41 3 36 
40 98 13 9 48 93 47 2 
81 45 61 19 14 58 26 41 
54 67 2 2 65 27 68 86 
56 23 30 6 73 56 78 23 
51 74 6 97 19 94 65 29 
72 4 15 3 1 57 55 60 
24 74 44 47 21 40 30 54 
11 3 54 12 98 92 11 77 
2 88 90 5 7 85 53 16 
18 67 79 82 50 39 11 18 
10 35 22 24 58 59 70 4 
16 38 28 37 78 80 0 69 
69 2 27 77 8 94 42 93 
92 25 61 46 42 94 90 23 
15 97 56 1 92 20 2 81 
63 85 36 47 96 96 3 41 
15 14 28 9 92 98 63 86 
65 67 89 8 28 54 52 83 
36 33 13 66 50 40 39 68 
63 63 46 99 9 29 82 71 
33 11 49 81 10 84 82 64 
27 11 71 4 69 30 90 14 
89 46 43 63 65 10 97 48 
85 53 42 68 48 14 96 40 
34 10 98 28 44 16 26 63 
94 67 32 49 33 78 62 63 
17 68 13 19 44 3 21 44 
60 29 89 52 49 59 69 68 
91 22 35 72 23 39 91 23 
7 43 10 53 95 30 94 51 
21 23 36 47 68 97 53 82 
69 97 65 65 94 56 25 75 
99 19 28 55 14 7 5 20 
94 38 63 70 3 31 72 67 
24 0 42 51 57 90 7 52 
91 21 3 77 65 38 84 84 
44 5 69 70 94 19 28 65 
78 48 93 81 47 40 22 4 
39 14 44 83 42 86 57 86 
91 59 16 74 58 84 38 24 
67 9 59 32 78 20 84 76 
68 97 53 86 24 57 94 57 
73 74 38 19 23 99 45 54 
25 1 63 32 38 51 71 92 
70 54 52 75 55 0 65 3 
35 38 16 33 5 27 46 25 
87 18 33 18 14 95 9 91 
8 63 87 13 49 42 71 53 
77 24 81 53 88 90 27 3 
4 49 29 62 99 77 93 75 
69 80 87 61 28 77 27 36 
44 87 82 31 2 69 23 46 
3 4 99 39 50 38 26 99 
58 41 59 96 61 39 54 80 
26 88 78 16 60 66 66 34 
62 15 23 20 90 56 9 10 
53 65 36 93 53 33 51 21 
38 15 92 80 49 97 79 16 
94 64 60 67 40 21 98 65 
82 46 65 34 72 76 46 88 
90 11 10 95 80 78 52 99 
44 37 23 46 63 8 19 91 
98 58 75 90 72 18 27 77 
80 9 82 82 21 40 51 25 
67 43 83 13 92 18 19 34 
95 66 68 42 45 75 86 88 
54 18 77 40 73 10 21 89 
22 27 29 87 80 8 2 73 
96 84 1 62 56 11 34 98 
3 55 87 71 72 15 60 93 
34 82 72 35 63 91 80 58 
35 52 10 99 2 85 81 48 
44 90 95 19 45 27 15 31 
42 87 28 59 2 19 57 56 
32 52 11 5 1 72 72 9 
65 96 77 84 43 86 66 74 
36 42 41 40 42 45 76 77 
1 6 15 80 99 59 85 2 
7 91 30 67 55 38 61 4 
52 0 98 27 38 71 67 42 
55 18 31 73 68 94 35 15 
35 16 60 99 63 83 57 59 
33 92 13 29 3 87 11 75 
94 35 26 36 59 45 63 81 
42 25 9 82 19 41 39 62 
50 18 55 64 73 20 47 91 
46 6 28 82 26 30 55 56 
76 30 59 35 87 90 94 55 
24 28 99 50 66 70 32 6 
78 39 41 79 45 9 64 93 
39 49 55 3 51 19 19 53 
9 11 78 72 78 37 35 32 
26 89 73 19 18 6 25 35 
44 4 72 63 4 98 85 6 
96 61 26 93 4 23 32 40 
62 64 83 42 60 55 28 52 
91 31 23 11 26 56 0 9 
60 27 21 61 50 52 44 2 
56 15 89 34 93 49 55 95 
94 73 19 34 99 30 76 87 
88 39 17 71 51 0 96 91 
97 90 45 34 22 10 19 21 
84 74 72 30 63 53 46 31 
55 13 16 52 42 25 87 80 
45 59 11 62 56 66 58 78 
84 1 78 64 1 88 76 79 
68 67 87 75 66 4 63 31 
49 19 84 20 71 13 62 80 
45 65 6 38 50 63 24 74 
72 26 6 51 6 83 21 88 
86 80 95 76 29 77 65 85 
77 30 50 18 10 12 39 71 
61 25 88 65 44 38 35 51 
38 63 32 85 66 38 89 67 
9 31 70 64 21 64 39 47 
91 35 57 41 61 20 83 5 
92 37 90 4 27 55 63 49 
81 3 3 4 48 69 47 5 
31 64 6 24 13 98 75 78 
38 92 63 43 57 77 98 5 
59 27 29 95 27 87 80 47 
26 67 21 5 97 9 97 26 
1 17 41 24 58 25 28 74 
87 53 7 58 49 38 17 33 
77 15 4 38 47 53 91 95 
21 2 33 68 97 33 2 94 
94 92 1 55 76 72 14 35 
97 92 81 78 86 31 70 15 
15 47 26 13 64 14 94 7 
37 84 71 93 35 93 62 68 
11 53 88 27 62 36 89 64 
53 19 53 81 35 0 55 20 
1 33 61 23 25 80 95 72 
71 50 11 0 43 53 73 22 
71 86 24 34 56 35 33 99 
62 1 47 62 26 34 2 48 
18 12 52 25 23 69 24 14 
74 66 85 28 63 94 99 54 
91 13 80 93 35 24 66 50 
57 3 63 72 35 96 73 38 
43 17 94 27 21 13 83 60 
59 27 1 6 36 99 32 41 
38 45 40 72 83 76 36 94 
26 79 21 80 79 30 63 68 
7 7 65 25 28 86 3 76 
25 86 19 78 85 37 37 59 
77 59 72 95 27 37 24 47 
16 51 21 10 50 24 63 80 
66 38 56 35 20 10 80 24 
33 93 83 44 68 82 68 87 
24 22 60 70 32 33 8 60 
96 67 47 70 7 47 35 23 
38 27 75 24 52 48 77 77 
62 95 82 24 21 60 54 43 
22 66 68 56 73 36 37 23 
29 66 64 23 59 74 2 49 
57 84 46 82 49 13 24 7 
53 28 22 89 85 71 52 13 
72 83 12 70 31 28 20 58 
64 88 86 51 49 30 88 45 
19 52 5 47 82 24 48 89 
38 97 60 65 76 57 84 18 
61 62 88 80 26 35 67 94 
12 29 42 88 98 14 49 69 
9 96 45 16 24 49 41 5 
36 29 33 98 49 76 72 86 
74 82 8 6 21 65 56 27 
6 50 13 91 98 38 5 47 
39 14 32 68 90 96 63 1 
92 80 59 17 1 32 70 45 
14 88 69 56 84 64 93 92 
2 6 25 68 48 94 44 12 
40 29 19 73 73 58 70 30 
41 71 12 10 3 67 0 58 
10 18 45 89 61 30 20 27 
47 45 56 79 24 51 86 96 
5 93 43 49 0 66 87 48 
76 13 39 44 0 7 45 99 
81 6 97 86 1 3 76 38 
13 12 97 39 7 20 16 35 
13 87 54 5 44 33 68 47 
48 50 7 48 11 55 56 34 
72 12 34 83 63 65 64 66 
62 14 91 49 53 62 16 5 
73 54 50 65 49 49 2 86 
30 51 34 31 61 92 51 40 
83 90 78 64 77 46 58 27 
79 15 60 29 25 43 71 45 
44 62 13 45 2 16 42 66 
22 47 83 23 50 9 13 29 
73 62 71 69 51 21 93 69 
75 79 79 55 28 13 62 4 
15 76 9 77 28 82 74 20 
75 30 2 40 53 42 22 80 
55 4 0 57 30 75 37 11 
84 63 0 19 70 0 3 30 
30 23 49 44 26 1 16 17 
6 88 87 56 83 8 26 79 
4 22 68 10 2 39 58 11 
30 18 95 68 69 2 8 75 
56 91 28 23 5 11 50 0 
82 70 50 57 95 97 37 80 
49 86 97 90 94 53 56 91 
62 25 84 36 88 73 55 63 
85 28 92 38 80 28 62 80 
64 87 51 89 86 83 99 4 
46 27 54 18 42 37 96 16 
52 55 35 73 21 73 22 17 
35 79 0 33 72 74 99 68 
3 76 66 46 59 14 25 15 
2 34 91 34 56 24 8 82 
95 80 64 56 45 36 52 34 
43 16 60 76 45 55 72 81 
76 71 87 45 23 85 89 72 
89 94 8 93 81 89 25 92 
47 28 40 41 7 84 53 78 
76 5 64 82 34 86 31 75 
78 67 23 21 29 0 0 45 
64 87 21 8 80 52 39 52 
18 28 77 7 60 40 69 49 
84 8 52 93 52 60 87 70 
2 85 96 64 70 11 99 36 
79 57 26 12 47 14 15 0 
10 99 72 56 99 13 4 87 
83 48 80 63 46 48 16 26 
28 79 43 16 78 11 24 50 
5 41 3 55 54 18 11 81 
47 21 6 70 61 54 66 31 
6 77 84 73 45 34 62 6 
59 60 89 38 92 75 49 63 
43 70 84 73 46 52 53 79 
14 39 73 90 89 23 91 27 
81 40 21 18 80 10 1 76 
24 68 0 46 25 87 44 55 
44 5 46 60 11 17 0 73 
82 56 19 72 0 96 51 21 
91 12 25 84 24 17 5 70 
74 72 98 40 64 44 47 5 
57 0 15 91 40 24 75 21 
84 72 70 27 86 90 82 62 
76 62 13 73 24 6 50 28 
86 3 49 43 38 53 25 3 
18 5 1 97 2 29 68 9 
8 16 36 89 10 36 84 5 
70 52 22 42 69 6 41 24 
59 17 71 29 83 66 13 67 
18 32 62 95 4 33 34 34 
65 43 8 40 13 43 93 40 
59 76 30 3 19 87 80 37 
18 2 95 24 74 79 45 22 
9 51 72 53 63 83 93 56 
24 69 26 85 38 61 74 25 
23 86 7 52 9 71 40 46 
11 7 5 9 59 37 52 64 
1 32 53 30 98 35 65 11 
12 6 77 80 10 56 93 57 
67 64 31 37 84 54 22 72 
9 39 97 52 99 59 34 56 
23 70 79 68 10 25 2 99 
14 95 71 37 52 72 80 36 
18 20 32 61 59 74 28 67 
77 71 15 72 22 42 19 0 
34 22 37 61 67 2 88 59 
70 4 91 51 1 27 65 98 
94 57 57 81 27 21 92 23 
98 34 23 11 35 97 39 66 
43 39 94 62 12 21 39 68 
11 95 41 40 33 55 78 47 
68 76 98 5 83 91 13 31 
17 20 65 27 83 12 86 27 
93 1 72 3 34 87 71 38 
93 94 42 38 63 99 78 58 
74 36 31 29 68 58 22 25 
69 53 33 33 85 51 57 27 
74 17 70 8 88 46 0 49 
65 52 24 38 47 48 92 77 
4 25 84 69 94 12 49 3 
79 50 35 29 70 59 74 45 
6 54 40 85 75 28 70 20 
95 17 72 11 51 33 14 86 
70 63 97 24 48 48 93 34 
62 22 63 34 38 27 66 67 
67 12 78 61 70 1 62 73 
10 98 18 91 44 34 67 1 
74 59 26 20 23 47 46 26 
92 74 58 54 28 19 22 43 
18 83 68 85 86 48 86 66 
63 98 43 92 73 40 75 12 
83 20 43 27 54 60 4 86 
98 40 6 79 92 48 64 62 
21 20 38 25 79 29 20 92 
98 49 9 48 56 17 94 42 
11 15 4 74 50 87 27 96 
2 18 13 22 19 5 50 52 
56 6 69 69 8 16 38 83 
9 12 30 81 85 80 12 18 
38 39 13 76 58 40 71 70 
48 64 65 83 5 22 98 9 
27 17 55 57 45 94 18 39 
91 6 32 67 97 50 49 5 
30 48 55 67 71 76 96 61 
71 28 32 78 22 48 98 28 
97 58 5 16 68 21 31 63 
90 47 61 0 32 97 57 35 
8 30 32 1 16 26 58 89 
32 28 96 47 12 38 65 15 
18 96 80 27 58 8 16 96 
11 16 7 27 69 68 57 80 
59 66 93 83 34 71 14 14 
47 36 95 77 30 64 18 4 
67 24 22 58 74 36 15 46 
49 48 12 51 0 19 63 11 
84 95 39 9 1 33 50 63 
23 54 8 49 34 71 75 40 
12 32 53 93 81 35 95 29 
89 79 67 57 87 23 60 74 
50 89 84 91 4 82 19 70 
24 48 67 27 56 18 19 66 
12 38 47 72 54 80 60 61 
42 38 12 53 0 59 97 11 
39 45 94 61 68 30 42 65 
7 45 20 59 5 9 62 64 
80 53 94 90 3 88 46 58 
9 80 99 66 83 51 52 75 
31 90 80 6 92 67 1 89 
16 30 95 84 29 24 20 16 
91 86 29 25 16 58 21 79 
13 57 68 10 21 8 75 50 
95 12 38 31 21 31 50 81 
22 22 72 24 15 92 37 12 
6 36 71 75 23 30 49 13 
71 49 3 51 5 41 9 23 
87 59 11 64 98 2 35 19 
18 61 11 89 60 16 25 74 
48 35 26 61 89 92 98 92 
87 97 8 42 36 78 65 56 
58 8 61 81 48 38 74 81 
55 19 20 76 99 45 97 94 
94 40 9 87 25 41 64 80 
92 36 31 55 22 24 21 75 
81 34 95 82 35 45 78 21 
10 33 27 1 9 73 59 6 
12 38 20 44 12 52 12 77 
39 98 8 18 6 30 52 13 
19 34 5 18 58 70 95 89 
79 94 72 32 10 74 20 73 
61 41 75 45 77 81 36 22 
39 8 20 75 13 56 66 38 
61 71 99 95 98 6 37 73 
21 26 44 24 57 96 57 66 
26 61 38 23 82 61 65 24 
61 53 97 25 70 42 3 86 
51 1 29 3 38 92 12 71 
80 14 81 55 19 1 72 90 
78 99 58 92 31 67 60 59 
96 82 53 53 46 5 35 32 
92 8 4 87 3 44 0 42 
29 37 73 19 31 31 75 21 
82 90 61 24 5 23 12 75 
61 69 50 99 53 40 2 53 
76 41 42 10 92 54 41 85 
64 67 22 97 77 70 32 7 
61 58 60 45 56 94 12 56 
96 88 66 87 38 24 4 65 
88 3 44 58 46 99 43 69 
0 9 14 56 43 12 17 59 
60 60 15 98 43 59 86 21 
64 3 27 61 93 72 81 16 
36 66 99 33 44 58 46 66 
50 58 15 54 23 99 97 98 
82 11 3 46 35 74 89 64 
21 76 11 52 84 48 33 26 
15 27 37 60 7 64 22 51 
46 38 79 29 21 18 39 13 
20 55 14 6 71 40 8 39 
12 97 73 78 16 60 61 87 
18 77 76 15 31 55 76 2 
11 38 69 42 10 66 45 94 
58 1 90 82 68 4 65 47 
73 81 88 77 3 97 63 22 
89 68 46 94 51 50 78 1 
93 5 1 9 10 50 46 69 
71 12 53 29 49 22 15 51 
32 41 46 6 97 86 72 64 
31 17 97 49 44 10 29 65 
65 79 39 62 8 58 74 36 
92 20 9 25 75 62 6 57 
3 84 50 40 94 39 21 9 
4 67 23 11 25 13 34 82 
91 0 26 89 4 54 93 29 
76 14 45 64 86 73 58 35 
97 78 24 13 93 9 36 61 
29 54 38 41 19 42 56 76 
54 33 29 29 36 83 31 86 
4 13 97 63 25 14 19 94 
76 51 0 3 38 95 15 60 
46 11 1 79 25 29 30 39 
67 5 21 75 49 64 85 13 
12 29 85 58 9 86 73 46 
32 96 66 51 78 73 17 45 
86 33 56 21 80 82 54 70 
29 73 63 7 98 98 45 86 
95 39 40 69 33 4 69 75 
11 32 55 45 69 0 37 29 
42 8 95 15 32 90 91 34 
33 84 63 57 9 28 8 87 
37 9 16 40 94 28 49 29 
14 40 17 93 42 7 33 28 
93 84 26 96 0 17 5 3 
63 50 45 13 14 42 30 98 
83 74 44 98 35 62 62 31 
72 26 17 59 2 6 64 58 
44 10 73 86 77 73 55 81 
22 11 86 10 58 8 36 73 
97 23 5 24 1 23 53 6 
34 64 4 22 60 53 86 75 
23 57 40 27 98 12 39 12 
42 68 36 78 21 39 48 66 
38 78 29 54 48 2 64 14 
11 50 4 55 69 49 55 2 
49 94 83 44 72 69 16 75 
76 16 68 59 94 90 56 70 
87 54 61 40 39 39 5 87 
1 10 34 10 56 41 59 69 
30 47 39 20 14 53 42 51 
4 47 3 18 6 29 46 80 
47 95 29 26 74 19 50 25 
60 2 19 31 55 50 18 2 
3 79 26 57 49 86 78 61 
61 46 44 75 60 69 40 98 
15 38 46 3 67 69 41 63 
5 6 70 10 71 46 53 38 
24 3 13 5 72 38 78 90 
72 60 38 65 37 68 21 22 
43 18 2 52 99 93 17 11 
72 32 46 30 22 44 46 13 
40 37 85 73 88 85 31 1 
21 61 91 49 52 29 9 25 
10 27 6 73 29 79 82 43 
56 54 21 24 96 65 18 98 
24 88 72 89 9 86 93 53 
15 89 14 4 2 97 19 83 
80 22 83 54 54 88 40 40 
78 40 86 80 88 15 81 6 
8 60 24 65 86 73 17 9 
18 41 75 24 83 34 69 72 
15 54 72 35 17 59 94 17 
13 84 81 38 71 73 88 82 
75 50 39 33 80 62 21 6 
87 9 85 29 38 7 38 40 
60 35 60 39 28 49 14 28 
30 8 94 94 52 67 17 8 
69 84 63 12 90 10 59 80 
34 47 10 89 80 33 74 38 
58 6 53 48 75 17 99 95 
84 99 93 91 20 66 82 36 
27 85 23 43 57 52 45 7 
94 5 93 26 64 3 89 87 
2 34 70 60 52 39 18 43 
92 70 34 31 31 53 62 88 
41 66 99 18 96 36 97 94 
96 58 95 18 87 89 96 43 
83 83 79 28 28 35 1 68 
94 59 17 0 52 20 32 90 
26 41 83 49 96 54 62 91 
23 47 58 59 84 75 37 34 
75 78 0 24 46 38 45 34 
85 72 94 71 56 7 6 72 
55 45 83 68 21 11 88 12 
52 2 75 34 0 86 89 24 
82 37 97 71 19 55 82 77 
86 73 97 36 90 63 91 96 
91 15 91 58 38 23 54 46 
79 21 86 10 18 97 60 76 
98 43 86 83 42 43 9 0 
40 85 43 6 43 84 95 31 
23 78 47 93 92 12 6 81 
63 60 15 45 63 56 59 96 
36 37 67 58 77 64 16 80 
16 96 26 51 74 40 26 80 
30 90 7 63 34 88 87 76 
48 33 35 13 35 92 24 22 
39 89 84 45 28 64 1 93 
73 22 63 85 56 85 20 21 
13 35 75 13 57 30 41 29 
76 22 32 75 73 12 61 31 
36 66 1 84 40 67 86 87 
28 4 15 49 64 46 85 60 
0 26 71 6 60 35 76 70 
4 35 76 15 58 0 72 66 
18 60 30 30 69 35 33 46 
53 49 24 67 47 64 57 82 
38 6 0 28 48 5 0 36 
19 38 53 33 41 21 31 13 
27 60 64 97 6 50 96 21 
47 21 88 82 33 89 4 67 
72 7 76 81 68 62 54 31 
98 97 65 16 19 46 5 86 
35 81 77 79 52 99 1 74 
62 17 14 28 49 87 30 3 
65 62 36 90 9 66 8 31 
40 36 95 6 27 95 94 42 
3 3 99 93 14 19 67 59 
48 55 57 55 4 66 68 13 
38 62 29 31 99 24 67 79 
3 41 43 97 42 1 65 41 
47 31 32 11 9 21 82 77 
2 90 63 0 9 77 84 59 
38 27 53 0 73 20 4 93 
67 26 88 70 12 2 52 75 
74 32 2 20 92 29 66 92 
55 31 51 19 85 20 75 99 
70 6 22 81 8 18 17 87 
5 2 96 25 28 57 18 76 
85 34 11 66 92 80 3 39 
89 52 93 92 59 35 42 70 
26 74 99 41 87 59 44 50 
13 38 46 49 55 91 27 43 
35 62 85 75 49 84 13 59 
44 88 9 46 0 11 79 72 
25 3 96 5 67 30 83 73 
10 1 66 48 32 18 43 49 
37 35 23 32 38 4 76 61 
21 36 71 99 84 78 16 44 
76 58 72 81 79 59 36 50 
41 51 32 16 36 25 27 66 
94 97 77 37 12 73 44 55 
8 87 27 21 26 51 80 28 
42 66 41 65 64 91 66 43 
5 8 41 66 22 76 37 6 
3 25 51 14 62 9 29 57 
84 25 81 33 14 79 63 70 
84 83 58 73 34 44 36 54 
63 57 31 62 83 52 2 81 
16 21 25 71 89 67 12 53 
53 66 50 46 50 0 92 83 
